3
-35
11
-15
-34
-28
32
37
-14
-55
45
-58
27
-14
-66
-7
-49
61
-46
-88
14
28
-128
10
14
-19
-81
15
10
-56
32
-60
4
27
32
-20
1
-5
-44
-22
-58
-28
-41
-9
2
3
8
47
-5
38
0
-28
-23
4
-27
15
-38
26
23
1
-29
-11
-17
-45
-26
-107
32
-120
-91
14
-49
-86
61
29
6
-6
-5
18
-7
-12
5
-35
-54
32
-16
-16
-26
47
1
21
37
-7
3
-11
-27
-50
10
-54
-112
23
-25
-80
-41
-30
-23
-20
24
12
69
40
-1
-35
-33
-9
-17
-74
-34
60
48
0
25
2
-50
-14
-78
5
-57
40
-7
-9
5
-6
45
-5
-36
8
-3
-19
-11
1
11
-16
-5
-51
-43
-28
12
-50
-63
42
10
-43
56
27
-17
-12
-40
0
-16
-28
